A-Box	21	0.137931,0.620690,0.655172,0.000000,0.112069,0.818966,0.000000,0.000000,0.344828,0.431034,0.318966,0.000000,0.017241,1.000000,0.094828,0.258621,0.172414,0.327586,0.189655,0.172414,0.051724,	0.189655,0.051724,0.215517,0.991379,0.750000,0.077586,0.844828,0.000000,0.129310,0.284483,0.000000,1.000000,0.508621,0.000000,0.448276,0.413793,0.336207,0.293103,0.206897,0.456897,0.784483,	0.017241,0.077586,0.051724,0.000000,0.094828,0.103448,0.000000,0.025862,0.508621,0.241379,0.681034,0.000000,0.008621,0.000000,0.068966,0.250000,0.413793,0.250000,0.500000,0.353448,0.060345,	0.655172,0.250000,0.077586,0.008621,0.043103,0.000000,0.155172,0.974138,0.017241,0.043103,0.000000,0.000000,0.465517,0.000000,0.387931,0.077586,0.077586,0.129310,0.103448,0.017241,0.103448,
AP1	14	0.336842,0.240000,0.387368,0.193684,0.298947,0.328421,0.000000,0.000000,1.000000,0.056842,0.006316,0.046316,1.000000,0.008421,	0.166316,0.273684,0.174737,0.229474,0.071579,0.263158,0.000000,0.000000,0.000000,0.328421,0.000000,0.953684,0.000000,0.296842,	0.248421,0.416842,0.294737,0.418947,0.450526,0.374737,0.000000,0.991579,0.000000,0.578947,0.000000,0.000000,0.000000,0.200000,	0.248421,0.069474,0.143158,0.157895,0.178947,0.033684,1.000000,0.008421,0.000000,0.035789,0.993684,0.000000,0.000000,0.494737,
AP2	15	0.160896,0.221996,0.272912,0.299389,0.201629,0.144603,0.010183,0.000000,0.000000,0.030550,0.083503,0.690428,0.016293,0.000000,0.006110,	0.350305,0.386965,0.340122,0.281059,0.026477,0.107943,0.600815,1.000000,0.894094,0.336049,0.439919,0.022403,0.000000,0.000000,0.637475,	0.226069,0.242363,0.126273,0.254582,0.069246,0.637475,0.364562,0.000000,0.000000,0.075356,0.415479,0.287169,0.983707,1.000000,0.331976,	0.262729,0.148676,0.260692,0.164969,0.702648,0.109980,0.024440,0.000000,0.105906,0.558045,0.061100,0.000000,0.000000,0.000000,0.024440,
BARHL2	11	0.086957,0.000000,0.000000,0.000000,0.630435,1.000000,0.000000,0.010870,0.076087,0.000000,0.000000,	0.130435,0.434783,0.402174,0.000000,0.000000,0.000000,0.000000,0.000000,0.000000,0.663043,0.271739,	0.250000,0.402174,0.000000,0.000000,0.369565,0.000000,0.282609,0.336957,0.923913,0.293478,0.000000,	0.532609,0.163043,0.597826,1.000000,0.000000,0.000000,0.717391,0.652174,0.000000,0.043478,0.728261,
B-Box	16	0.091584,0.086634,0.004950,0.544554,0.198020,0.000000,0.000000,0.007426,1.000000,0.952970,0.002475,0.019802,0.113861,0.259901,0.029703,0.188119,	0.116337,0.002475,0.000000,0.022277,0.329208,0.007426,0.806931,0.000000,0.000000,0.002475,0.997525,0.732673,0.675743,0.178218,0.418317,0.024752,	0.594059,0.898515,0.995050,0.217822,0.027228,0.009901,0.000000,0.992574,0.000000,0.000000,0.000000,0.007426,0.086634,0.477723,0.405941,0.757426,	0.198020,0.012376,0.000000,0.215347,0.445545,0.982673,0.193069,0.000000,0.000000,0.044554,0.000000,0.240099,0.123762,0.084158,0.146040,0.029703,
BHLHE40	10	0.193347,0.112266,1.000000,0.000000,0.056133,0.068607,0.000000,0.528067,0.155925,0.155925,	0.006237,0.887734,0.000000,0.948025,0.008316,0.029106,0.000000,0.367983,0.584200,0.322245,	0.538462,0.000000,0.000000,0.035343,0.935551,0.045738,1.000000,0.081081,0.193347,0.226611,	0.261954,0.000000,0.000000,0.016632,0.000000,0.856549,0.000000,0.022869,0.066528,0.295218,
CEBPB	14	0.112450,0.485944,0.000000,0.000000,0.010040,0.000000,0.479920,0.132530,0.652610,1.000000,0.024096,0.291165,0.184739,0.206827,	0.184739,0.152610,0.000000,0.004016,0.000000,1.000000,0.038153,0.461847,0.347390,0.000000,0.389558,0.401606,0.365462,0.337349,	0.337349,0.357430,0.000000,0.000000,0.939759,0.000000,0.403614,0.000000,0.000000,0.000000,0.144578,0.086345,0.206827,0.172691,	0.365462,0.004016,1.000000,0.995984,0.050201,0.000000,0.078313,0.405622,0.000000,0.000000,0.441767,0.220884,0.242972,0.283133,
CREB-ext	18	0.000000,0.071429,0.023810,0.154762,0.904762,0.059524,0.214286,0.464286,0.154762,0.166667,0.130952,0.202381,0.000000,0.011905,0.011905,0.238095,0.023810,0.130952,	0.952381,0.000000,0.119048,0.797619,0.000000,0.190476,0.523810,0.190476,0.273810,0.321429,0.380952,0.392857,0.000000,0.988095,0.000000,0.678571,0.904762,0.178571,	0.023810,0.928571,0.000000,0.000000,0.011905,0.107143,0.047619,0.202381,0.452381,0.273810,0.476190,0.202381,0.964286,0.000000,0.988095,0.000000,0.059524,0.630952,	0.023810,0.000000,0.857143,0.047619,0.083333,0.642857,0.214286,0.142857,0.119048,0.238095,0.011905,0.202381,0.035714,0.000000,0.000000,0.083333,0.011905,0.059524,
CREB	11	0.409091,0.000000,0.000000,0.163636,0.000000,0.290909,0.000000,0.018182,1.000000,0.000000,0.100000,	0.163636,0.063636,0.054545,0.000000,1.000000,0.054545,0.009091,0.981818,0.000000,0.363636,0.581818,	0.318182,0.100000,0.281818,0.745455,0.000000,0.654545,0.000000,0.000000,0.000000,0.109091,0.090909,	0.109091,0.836364,0.663636,0.090909,0.000000,0.000000,0.990909,0.000000,0.000000,0.527273,0.227273,
CTCF-ext	15	0.250000,0.131148,0.209016,0.135246,0.135246,0.442623,0.856557,0.024590,0.045082,0.032787,0.000000,0.852459,0.061475,0.077869,0.209016,	0.151639,0.204918,0.127049,0.008197,0.098361,0.299180,0.024590,0.651639,0.000000,0.000000,0.995902,0.040984,0.114754,0.475410,0.450820,	0.295082,0.471311,0.368852,0.782787,0.721311,0.069672,0.094262,0.086066,0.012295,0.967213,0.004098,0.032787,0.700820,0.377049,0.151639,	0.303279,0.192623,0.295082,0.073770,0.045082,0.188525,0.024590,0.237705,0.942623,0.000000,0.000000,0.073770,0.122951,0.069672,0.188525,
CTCF	15	0.054000,0.024000,0.068000,0.042000,0.000000,0.262000,0.004000,0.000000,0.032000,0.266000,0.020000,0.080000,0.010000,0.026000,0.126000,	0.318000,0.646000,0.042000,0.790000,0.994000,0.666000,0.618000,0.998000,0.064000,0.090000,0.344000,0.194000,0.002000,0.066000,0.594000,	0.566000,0.024000,0.792000,0.062000,0.000000,0.046000,0.002000,0.002000,0.008000,0.564000,0.620000,0.044000,0.976000,0.840000,0.074000,	0.062000,0.306000,0.098000,0.106000,0.006000,0.026000,0.376000,0.000000,0.896000,0.080000,0.016000,0.682000,0.012000,0.068000,0.206000,
E2F1	15	0.261044,0.305221,0.283133,0.244980,0.475904,0.234940,0.206827,0.004016,0.030120,0.018072,0.002008,0.000000,0.261044,0.257028,0.090361,	0.293173,0.128514,0.110442,0.367470,0.126506,0.004016,0.365462,0.002008,0.969880,0.000000,0.706827,0.246988,0.520080,0.130522,0.283133,	0.393574,0.544177,0.568273,0.387550,0.204819,0.678715,0.427711,0.993976,0.000000,0.981928,0.291165,0.753012,0.160643,0.481928,0.536145,	0.052209,0.022088,0.038153,0.000000,0.192771,0.082329,0.000000,0.000000,0.000000,0.000000,0.000000,0.000000,0.058233,0.130522,0.090361,
E2F4	20	0.247465,0.237323,0.141988,0.093306,0.131846,0.338742,0.442191,0.403651,0.141988,0.046653,0.028398,0.010142,0.000000,0.002028,0.000000,0.000000,0.008114,0.265720,0.229209,0.135903,	0.338742,0.257606,0.269777,0.298174,0.387424,0.283976,0.217039,0.170385,0.273834,0.263692,0.103448,0.795132,0.679513,0.995943,0.000000,0.937120,0.610548,0.359026,0.306288,0.430020,	0.233266,0.237323,0.180527,0.174442,0.198783,0.298174,0.186613,0.158215,0.105477,0.034483,0.115619,0.176471,0.320487,0.000000,0.983773,0.062880,0.286004,0.180527,0.257606,0.308316,	0.180527,0.267748,0.407708,0.434077,0.281947,0.079108,0.154158,0.267748,0.478702,0.655172,0.752535,0.018256,0.000000,0.002028,0.016227,0.000000,0.095335,0.194726,0.206897,0.125761,
EBF1	15	0.373737,0.115152,0.050505,0.000000,0.020202,0.000000,0.472727,0.195960,0.030303,0.137374,0.000000,0.844444,0.210101,0.222222,0.220202,	0.123232,0.270707,0.363636,0.997980,0.743434,0.985859,0.008081,0.018182,0.000000,0.000000,0.000000,0.014141,0.402020,0.321212,0.224242,	0.280808,0.416162,0.062626,0.002020,0.000000,0.000000,0.022222,0.682828,0.965657,0.846465,1.000000,0.121212,0.301010,0.084848,0.185859,	0.222222,0.197980,0.523232,0.000000,0.236364,0.014141,0.496970,0.103030,0.004040,0.016162,0.000000,0.020202,0.086869,0.371717,0.369697,
EGR1	22	0.143737,0.213552,0.190965,0.149897,0.034908,0.080082,0.000000,0.000000,0.053388,0.000000,0.000000,0.086242,0.004107,0.047228,0.242300,0.225873,0.170431,0.168378,0.182752,0.182752,0.112936,0.160164,	0.297741,0.258727,0.248460,0.178645,0.043121,0.856263,0.000000,0.006160,0.000000,0.000000,0.000000,0.714579,0.000000,0.020534,0.203285,0.172485,0.203285,0.318275,0.201232,0.248460,0.232033,0.234086,	0.478439,0.386037,0.457906,0.279261,0.921971,0.000000,1.000000,0.542094,0.946612,1.000000,1.000000,0.000000,0.985626,0.774127,0.433265,0.472279,0.498973,0.367556,0.453799,0.449692,0.492813,0.478439,	0.080082,0.141684,0.102669,0.392197,0.000000,0.063655,0.000000,0.451745,0.000000,0.000000,0.000000,0.199179,0.010267,0.158111,0.121150,0.129363,0.127310,0.145791,0.162218,0.119097,0.162218,0.127310,
ELF1	11	0.372000,0.044000,0.066000,0.000000,0.000000,1.000000,0.988000,0.082000,0.028000,0.192000,0.200000,	0.216000,0.804000,0.924000,0.000000,0.000000,0.000000,0.000000,0.052000,0.260000,0.126000,0.264000,	0.360000,0.148000,0.006000,1.000000,1.000000,0.000000,0.002000,0.866000,0.040000,0.554000,0.446000,	0.052000,0.004000,0.004000,0.000000,0.000000,0.000000,0.010000,0.000000,0.672000,0.128000,0.090000,
ELF	8	0.560284,0.000000,0.000000,0.000000,0.000000,0.000000,0.000000,0.028369,	0.085106,0.858156,0.000000,0.000000,1.000000,1.000000,0.000000,0.198582,	0.255319,0.000000,0.000000,0.000000,0.000000,0.000000,0.921986,0.645390,	0.099291,0.141844,1.000000,1.000000,0.000000,0.000000,0.078014,0.127660,
ELK4	11	0.372000,0.044000,0.066000,0.000000,0.000000,1.000000,0.988000,0.082000,0.028000,0.192000,0.200000,	0.216000,0.804000,0.924000,0.000000,0.000000,0.000000,0.000000,0.052000,0.260000,0.126000,0.264000,	0.360000,0.148000,0.006000,1.000000,1.000000,0.000000,0.002000,0.866000,0.040000,0.554000,0.446000,	0.052000,0.004000,0.004000,0.000000,0.000000,0.000000,0.010000,0.000000,0.672000,0.128000,0.090000,
ESR1	20	0.293217,0.258206,0.207877,0.177243,0.221007,0.680525,0.008753,0.000000,0.030635,0.000000,0.947484,0.124726,0.234136,0.205689,0.076586,0.120350,0.551422,0.041575,0.072210,0.032823,	0.153173,0.190372,0.242888,0.448578,0.446389,0.043764,0.002188,0.000000,0.000000,0.927790,0.006565,0.450766,0.356674,0.376368,0.131291,0.000000,0.223195,0.803063,0.807440,0.365427,	0.330416,0.273523,0.223195,0.170678,0.105033,0.205689,0.829322,0.984683,0.111597,0.054705,0.024070,0.260394,0.218818,0.253829,0.006565,0.875274,0.080963,0.035011,0.000000,0.067834,	0.223195,0.277899,0.326039,0.203501,0.227571,0.070022,0.159737,0.015317,0.857768,0.017505,0.021882,0.164114,0.190372,0.164114,0.785558,0.004376,0.144420,0.120350,0.120350,0.533917,
ESRRA	11	0.172000,0.122000,0.080000,0.226000,0.866000,0.906000,0.022000,0.006000,0.076000,0.000000,0.892000,	0.174000,0.378000,0.570000,0.624000,0.036000,0.002000,0.000000,0.000000,0.048000,0.924000,0.038000,	0.468000,0.350000,0.092000,0.128000,0.094000,0.086000,0.972000,0.946000,0.166000,0.062000,0.046000,	0.186000,0.150000,0.258000,0.022000,0.004000,0.006000,0.006000,0.048000,0.710000,0.014000,0.024000,
ETS1	11	0.144531,0.457031,0.000000,0.085938,0.000000,0.000000,0.000000,0.000000,0.000000,0.152344,0.199219,	0.363281,0.183594,0.496094,0.000000,0.000000,1.000000,1.000000,0.000000,0.238281,0.355469,0.312500,	0.242188,0.234375,0.000000,0.000000,0.000000,0.000000,0.000000,0.000000,0.523438,0.089844,0.148438,	0.250000,0.125000,0.503906,0.914062,1.000000,0.000000,0.000000,1.000000,0.238281,0.402344,0.339844,
FOXA	17	0.224000,0.170000,0.278000,0.110000,0.436000,0.496000,0.468000,0.126000,0.000000,0.888000,0.948000,0.994000,0.000000,0.976000,0.372000,0.336000,0.262000,	0.214000,0.312000,0.318000,0.568000,0.018000,0.082000,0.006000,0.012000,0.282000,0.112000,0.052000,0.000000,0.790000,0.002000,0.186000,0.214000,0.244000,	0.204000,0.296000,0.246000,0.122000,0.016000,0.368000,0.156000,0.844000,0.002000,0.000000,0.000000,0.002000,0.002000,0.006000,0.244000,0.294000,0.358000,	0.358000,0.222000,0.158000,0.200000,0.530000,0.054000,0.370000,0.018000,0.716000,0.000000,0.000000,0.004000,0.208000,0.016000,0.198000,0.156000,0.136000,
GABP	11	0.372000,0.044000,0.066000,0.000000,0.000000,1.000000,0.988000,0.082000,0.028000,0.192000,0.200000,	0.216000,0.804000,0.924000,0.000000,0.000000,0.000000,0.000000,0.052000,0.260000,0.126000,0.264000,	0.360000,0.148000,0.006000,1.000000,1.000000,0.000000,0.002000,0.866000,0.040000,0.554000,0.446000,	0.052000,0.004000,0.004000,0.000000,0.000000,0.000000,0.010000,0.000000,0.672000,0.128000,0.090000,
GATA1-ext	20	0.110220,0.112224,0.080160,0.140281,0.238477,0.250501,0.250501,0.236473,0.188377,0.270541,0.164329,0.687375,0.000000,1.000000,0.000000,0.907816,0.799599,0.202405,0.320641,0.334669,	0.450902,0.176353,0.060120,0.252505,0.202405,0.234469,0.214429,0.242485,0.246493,0.210421,0.418838,0.026052,0.000000,0.000000,0.008016,0.000000,0.022044,0.164329,0.248497,0.220441,	0.276553,0.136273,0.609218,0.398798,0.274549,0.292585,0.320641,0.314629,0.266533,0.316633,0.316633,0.012024,1.000000,0.000000,0.000000,0.004008,0.148297,0.551102,0.338677,0.252505,	0.162325,0.575150,0.250501,0.208417,0.284569,0.222445,0.214429,0.206413,0.298597,0.202405,0.100200,0.274549,0.000000,0.000000,0.991984,0.088176,0.030060,0.082164,0.092184,0.192385,
GATA1	10	0.079470,0.072848,0.019868,0.048565,1.000000,0.000000,0.000000,0.295806,0.052980,0.192053,	0.333333,0.602649,0.090508,0.000000,0.000000,0.000000,1.000000,0.000000,0.298013,0.291391,	0.216336,0.147903,0.000000,0.000000,0.000000,0.000000,0.000000,0.000000,0.439294,0.176600,	0.370861,0.176600,0.889625,0.951435,0.000000,1.000000,0.000000,0.704194,0.209713,0.339956,
GATA3	15	0.058394,0.299270,0.000000,0.744526,0.000000,0.291971,0.328467,0.167883,0.992701,0.000000,0.000000,0.211679,0.102190,0.182482,0.065693,	0.489051,0.043796,0.014599,0.021898,0.021898,0.248175,0.175182,0.401460,0.000000,0.014599,0.927007,0.021898,0.452555,0.277372,0.109489,	0.204380,0.000000,0.963504,0.036496,0.065693,0.226277,0.189781,0.058394,0.000000,0.094891,0.029197,0.000000,0.328467,0.000000,0.510949,	0.248175,0.656934,0.021898,0.197080,0.912409,0.233577,0.306569,0.372263,0.007299,0.890511,0.043796,0.766423,0.116788,0.540146,0.313869,
GFI1	8	1.000000,1.000000,0.000000,0.000000,0.626866,0.000000,0.671642,0.000000,	0.000000,0.000000,0.298507,1.000000,0.000000,0.716418,0.000000,0.000000,	0.000000,0.000000,0.000000,0.000000,0.000000,0.283582,0.000000,1.000000,	0.000000,0.000000,0.701493,0.000000,0.373134,0.000000,0.328358,0.000000,
HNF4	14	0.455102,0.089796,0.171429,0.128571,0.018367,0.934694,0.793878,0.904082,0.004082,0.042857,0.055102,0.022449,0.767347,0.271429,	0.026531,0.032653,0.081633,0.367347,0.910204,0.018367,0.012245,0.002041,0.016327,0.016327,0.581633,0.891837,0.057143,0.187755,	0.420408,0.804082,0.283673,0.222449,0.006122,0.028571,0.179592,0.093878,0.955102,0.169388,0.091837,0.008163,0.069388,0.365306,	0.097959,0.073469,0.463265,0.281633,0.065306,0.018367,0.014286,0.000000,0.024490,0.771429,0.271429,0.077551,0.106122,0.175510,
HSF1	15	0.511494,0.000000,0.925287,0.821839,0.218391,0.281609,0.068966,0.040230,0.000000,0.000000,0.660920,0.000000,0.879310,0.764368,0.304598,	0.086207,0.011494,0.028736,0.051724,0.321839,0.321839,0.063218,0.034483,1.000000,0.425287,0.045977,0.017241,0.040230,0.063218,0.247126,	0.390805,0.988506,0.005747,0.063218,0.287356,0.224138,0.057471,0.091954,0.000000,0.040230,0.287356,0.982759,0.051724,0.126437,0.350575,	0.011494,0.000000,0.040230,0.063218,0.172414,0.172414,0.810345,0.833333,0.000000,0.534483,0.005747,0.000000,0.028736,0.045977,0.097701,
MAX	14	0.210953,0.391481,0.146045,0.000000,0.997972,0.000000,0.000000,0.000000,0.000000,0.336714,0.020284,0.127789,0.186613,0.101420,	0.263692,0.247465,0.588235,1.000000,0.000000,0.929006,0.000000,0.004057,0.000000,0.231237,0.527383,0.464503,0.320487,0.381339,	0.407708,0.219067,0.229209,0.000000,0.002028,0.000000,1.000000,0.000000,1.000000,0.249493,0.101420,0.052738,0.208925,0.310345,	0.117647,0.141988,0.036511,0.000000,0.000000,0.070994,0.000000,0.995943,0.000000,0.182556,0.350913,0.354970,0.283976,0.206897,
MEF2	15	0.294492,0.290254,0.169492,0.146186,0.002119,0.692797,0.722458,0.942797,0.913136,0.923729,0.031780,0.953390,0.199153,0.398305,0.381356,	0.161017,0.105932,0.108051,0.635593,0.510593,0.137712,0.014831,0.000000,0.006356,0.000000,0.006356,0.000000,0.052966,0.375000,0.260593,	0.300847,0.258475,0.362288,0.050847,0.000000,0.029661,0.127119,0.046610,0.004237,0.004237,0.000000,0.046610,0.720339,0.091102,0.069915,	0.243644,0.345339,0.360169,0.167373,0.487288,0.139831,0.135593,0.010593,0.076271,0.072034,0.961864,0.000000,0.027542,0.135593,0.288136,
MYC	14	0.155388,0.345865,0.092732,0.000000,0.954887,0.000000,0.157895,0.077694,0.000000,0.000000,0.107769,0.190476,0.140351,0.127820,	0.295739,0.295739,0.413534,1.000000,0.000000,0.972431,0.000000,0.055138,0.000000,0.057644,0.471178,0.273183,0.305764,0.436090,	0.401003,0.135338,0.448622,0.000000,0.045113,0.000000,0.842105,0.000000,1.000000,0.739348,0.200501,0.182957,0.340852,0.228070,	0.147870,0.223058,0.045113,0.000000,0.000000,0.027569,0.000000,0.867168,0.000000,0.203008,0.220551,0.353383,0.213033,0.208020,
NFE2	19	0.391645,0.472585,0.545692,0.451697,0.195822,0.054830,0.000000,0.036554,0.052219,0.036554,0.895561,0.026110,0.000000,0.005222,0.997389,0.000000,0.091384,0.133159,0.214099,	0.169713,0.073107,0.091384,0.133159,0.289817,0.083551,0.013055,0.950392,0.049608,0.028721,0.015666,0.127937,0.000000,0.992167,0.000000,0.323760,0.313316,0.394256,0.237598,	0.302872,0.255875,0.086162,0.073107,0.169713,0.007833,0.986945,0.002611,0.005222,0.874674,0.000000,0.827676,0.000000,0.000000,0.002611,0.007833,0.326371,0.289817,0.148825,	0.135770,0.198433,0.276762,0.342037,0.344648,0.853786,0.000000,0.010444,0.892950,0.060052,0.088773,0.018277,1.000000,0.002611,0.000000,0.668407,0.268930,0.182768,0.399478,
NFKB1	15	0.414079,0.000000,0.000000,0.000000,0.414079,0.461698,0.182195,0.014493,0.000000,0.012422,0.008282,0.412008,0.343685,0.291925,0.207039,	0.051760,0.000000,0.000000,0.000000,0.006211,0.300207,0.024845,0.035197,0.175983,0.942029,0.946170,0.399586,0.221532,0.190476,0.246377,	0.302277,0.975155,1.000000,0.944099,0.538302,0.120083,0.002070,0.035197,0.016563,0.000000,0.000000,0.066253,0.320911,0.339545,0.370600,	0.231884,0.024845,0.000000,0.055901,0.041408,0.118012,0.790890,0.915114,0.807453,0.045549,0.045549,0.122153,0.113872,0.178054,0.175983,
NFY	15	0.140000,0.164000,0.088000,0.036000,0.004000,0.020000,0.974000,0.002000,0.016000,0.000000,0.002000,0.124000,0.026000,0.346000,0.282000,	0.450000,0.416000,0.226000,0.692000,0.370000,0.332000,0.002000,0.014000,0.000000,0.002000,0.000000,0.548000,0.392000,0.208000,0.186000,	0.254000,0.100000,0.222000,0.148000,0.042000,0.520000,0.024000,0.008000,0.000000,0.998000,0.998000,0.034000,0.072000,0.380000,0.412000,	0.156000,0.320000,0.464000,0.124000,0.584000,0.128000,0.000000,0.976000,0.984000,0.000000,0.000000,0.294000,0.510000,0.066000,0.120000,
NFY-UA2	24	0.804348,0.043478,0.130435,0.021739,0.043478,0.173913,0.021739,0.304348,0.304348,0.217391,0.326087,0.173913,0.304348,0.108696,0.130435,0.065217,0.130435,0.000000,0.000000,0.347826,0.304348,0.000000,0.000000,0.565217,	0.000000,0.195652,0.000000,0.065217,0.043478,0.652174,0.369565,0.195652,0.108696,0.413043,0.195652,0.282609,0.195652,0.347826,0.652174,0.369565,0.000000,0.413043,0.956522,0.391304,0.260870,0.000000,0.913043,0.130435,	0.195652,0.000000,0.021739,0.913043,0.913043,0.021739,0.108696,0.369565,0.413043,0.217391,0.282609,0.217391,0.347826,0.391304,0.108696,0.000000,0.869565,0.021739,0.000000,0.130435,0.347826,0.021739,0.021739,0.130435,	0.000000,0.760870,0.847826,0.000000,0.000000,0.152174,0.500000,0.130435,0.173913,0.152174,0.195652,0.326087,0.152174,0.152174,0.108696,0.565217,0.000000,0.565217,0.043478,0.130435,0.086957,0.978261,0.065217,0.173913,
NR2C2	15	0.335165,0.197802,0.478022,0.043956,0.005495,0.000000,0.010989,0.895604,0.516484,0.857143,0.027473,0.010989,0.000000,0.005495,0.752747,	0.302198,0.186813,0.000000,0.000000,0.005495,0.032967,0.829670,0.000000,0.000000,0.000000,0.000000,0.005495,0.038462,0.824176,0.005495,	0.214286,0.554945,0.521978,0.945055,0.956044,0.126374,0.087912,0.104396,0.478022,0.142857,0.967033,0.901099,0.159341,0.060440,0.219780,	0.148352,0.060440,0.000000,0.010989,0.032967,0.840659,0.071429,0.000000,0.005495,0.000000,0.005495,0.082418,0.802198,0.109890,0.021978,
NR3C1	15	0.338205,0.079332,0.427975,0.835073,0.010438,0.776618,0.079332,0.375783,0.461378,0.085595,0.010438,0.020877,0.164927,0.066806,0.192067,	0.031315,0.008351,0.150313,0.029228,0.974948,0.000000,0.283925,0.133612,0.121086,0.210856,0.022965,0.022965,0.327766,0.851775,0.302714,	0.553236,0.868476,0.281837,0.066806,0.014614,0.058455,0.605428,0.308977,0.319415,0.052192,0.966597,0.043841,0.229645,0.014614,0.022965,	0.077244,0.043841,0.139875,0.068894,0.000000,0.164927,0.031315,0.181628,0.098121,0.651357,0.000000,0.912317,0.277662,0.066806,0.482255,
NRF1	15	0.080000,0.102000,0.068000,0.022000,0.006000,0.690000,0.034000,0.004000,0.000000,0.000000,0.000000,0.840000,0.122000,0.182000,0.152000,	0.334000,0.012000,0.918000,0.000000,0.988000,0.212000,0.030000,0.000000,1.000000,0.004000,0.976000,0.036000,0.280000,0.236000,0.126000,	0.230000,0.886000,0.014000,0.972000,0.006000,0.076000,0.132000,0.994000,0.000000,0.970000,0.000000,0.092000,0.564000,0.204000,0.652000,	0.356000,0.000000,0.000000,0.006000,0.000000,0.022000,0.804000,0.002000,0.000000,0.026000,0.024000,0.032000,0.034000,0.378000,0.070000,
PAX5	16	0.214286,0.012245,0.044898,0.622449,0.126531,0.016327,0.124490,0.463265,0.538776,0.004082,0.004082,0.167347,0.063265,0.312245,0.642857,0.146939,	0.222449,0.244898,0.804082,0.138776,0.214286,0.579592,0.442857,0.034694,0.089796,0.312245,0.877551,0.018367,0.110204,0.018367,0.042857,0.773469,	0.400000,0.530612,0.065306,0.187755,0.581633,0.167347,0.397959,0.473469,0.224490,0.679592,0.016327,0.795918,0.257143,0.661224,0.238776,0.053061,	0.163265,0.212245,0.085714,0.051020,0.077551,0.236735,0.034694,0.028571,0.146939,0.004082,0.102041,0.018367,0.569388,0.008163,0.075510,0.026531,
POU2F2	13	0.154450,0.217277,0.256545,0.748691,0.000000,0.146597,0.028796,0.057592,0.026178,0.994764,0.007853,0.583770,0.277487,	0.374346,0.162304,0.332461,0.102094,0.002618,0.041885,0.000000,0.000000,0.971204,0.005236,0.000000,0.034031,0.180628,	0.183246,0.253927,0.206806,0.073298,0.000000,0.000000,0.000000,0.903141,0.000000,0.000000,0.000000,0.264398,0.120419,	0.287958,0.366492,0.204188,0.075916,0.997382,0.811518,0.971204,0.039267,0.002618,0.000000,0.992147,0.117801,0.421466,
PRDM1	15	0.179798,0.222222,0.840404,0.028283,0.014141,0.000000,0.000000,0.000000,0.632323,0.022222,0.018182,0.066667,0.165657,0.105051,0.311111,	0.220202,0.486869,0.064646,0.935354,0.002020,0.062626,0.000000,0.961616,0.169697,0.923232,0.117172,0.115152,0.135354,0.418182,0.210101,	0.189899,0.101010,0.090909,0.026263,0.000000,0.000000,0.006061,0.000000,0.016162,0.004040,0.000000,0.115152,0.088889,0.117172,0.139394,	0.410101,0.189899,0.004040,0.010101,0.983838,0.937374,0.993939,0.038384,0.181818,0.050505,0.864646,0.703030,0.610101,0.359596,0.339394,
PU1	15	0.694000,0.706000,0.638000,0.128000,0.642000,0.076000,0.000000,1.000000,0.986000,0.018000,0.012000,0.002000,0.750000,0.566000,0.772000,	0.042000,0.038000,0.012000,0.036000,0.070000,0.000000,0.000000,0.000000,0.000000,0.342000,0.000000,0.016000,0.068000,0.062000,0.098000,	0.102000,0.128000,0.086000,0.824000,0.284000,0.924000,0.998000,0.000000,0.000000,0.640000,0.004000,0.982000,0.158000,0.292000,0.052000,	0.162000,0.128000,0.264000,0.012000,0.004000,0.000000,0.002000,0.000000,0.014000,0.000000,0.984000,0.000000,0.024000,0.080000,0.078000,
REST	21	0.132353,0.051471,0.264706,0.080882,0.004902,0.012255,0.022059,0.039216,0.000000,0.002451,0.463235,0.186275,0.022059,0.000000,0.009804,0.046569,0.000000,0.007353,0.039216,0.781863,0.553922,	0.017157,0.220588,0.553922,0.107843,0.975490,0.000000,0.090686,0.012255,0.985294,0.980392,0.100490,0.159314,0.009804,0.000000,0.000000,0.134804,0.970588,0.026961,0.014706,0.063725,0.254902,	0.754902,0.644608,0.017157,0.718137,0.004902,0.000000,0.887255,0.063725,0.000000,0.000000,0.348039,0.098039,0.960784,1.000000,0.000000,0.764706,0.014706,0.000000,0.936275,0.144608,0.090686,	0.095588,0.083333,0.164216,0.093137,0.014706,0.987745,0.000000,0.884804,0.014706,0.017157,0.088235,0.556373,0.007353,0.000000,0.990196,0.053922,0.014706,0.965686,0.009804,0.009804,0.100490,
RFX5	15	0.103093,0.123711,0.542268,0.101031,0.059794,0.274227,0.024742,0.000000,0.068041,0.181443,0.012371,0.000000,0.696907,0.146392,0.039175,	0.134021,0.614433,0.189691,0.311340,0.571134,0.039175,0.000000,0.026804,0.144330,0.024742,0.931959,0.430928,0.012371,0.030928,0.065979,	0.160825,0.142268,0.156701,0.290722,0.109278,0.193814,0.967010,0.018557,0.006186,0.674227,0.004124,0.008247,0.268041,0.620619,0.855670,	0.602062,0.119588,0.111340,0.296907,0.259794,0.492784,0.008247,0.954639,0.781443,0.119588,0.051546,0.560825,0.022680,0.202062,0.039175,
RUNX1	8	0.480000,0.560000,0.730000,0.000000,0.000000,1.000000,0.000000,0.915000,	0.185000,0.140000,0.140000,1.000000,1.000000,0.000000,1.000000,0.000000,	0.000000,0.250000,0.130000,0.000000,0.000000,0.000000,0.000000,0.000000,	0.335000,0.050000,0.000000,0.000000,0.000000,0.000000,0.000000,0.085000,
RXRA	15	0.228000,0.192000,0.166000,0.156000,0.628000,0.554000,0.726000,0.052000,0.036000,0.034000,0.026000,0.918000,0.292000,0.258000,0.130000,	0.138000,0.122000,0.222000,0.568000,0.236000,0.078000,0.000000,0.000000,0.000000,0.100000,0.840000,0.004000,0.200000,0.128000,0.162000,	0.458000,0.464000,0.378000,0.166000,0.040000,0.334000,0.274000,0.946000,0.788000,0.120000,0.072000,0.016000,0.342000,0.378000,0.504000,	0.176000,0.222000,0.234000,0.110000,0.096000,0.034000,0.000000,0.002000,0.176000,0.746000,0.062000,0.062000,0.166000,0.236000,0.204000,
SOX2	8	0.479730,1.000000,0.000000,1.000000,1.000000,0.533784,0.000000,0.256757,	0.229730,0.000000,1.000000,0.000000,0.000000,0.000000,0.000000,0.283784,	0.290541,0.000000,0.000000,0.000000,0.000000,0.000000,1.000000,0.459459,	0.000000,0.000000,0.000000,0.000000,0.000000,0.466216,0.000000,0.000000,
SOX2-OCT4	15	0.061503,0.059226,0.441913,0.006834,0.029613,0.086560,0.230068,0.132118,0.990888,0.002278,0.000000,0.006834,0.822323,0.526196,0.758542,	0.498861,0.624146,0.029613,0.011390,0.002278,0.241458,0.004556,0.339408,0.000000,0.004556,0.000000,0.744875,0.011390,0.066059,0.061503,	0.152620,0.059226,0.006834,0.015945,0.045558,0.637813,0.015945,0.084282,0.002278,0.002278,0.933941,0.100228,0.047836,0.268793,0.095672,	0.287016,0.257403,0.521640,0.965831,0.922551,0.034169,0.749431,0.444191,0.006834,0.990888,0.066059,0.148064,0.118451,0.138952,0.084282,
SP1	15	0.418103,0.357759,0.198276,0.280172,0.021552,0.000000,0.047414,0.038793,0.000000,0.133621,0.168103,0.125000,0.107759,0.254310,0.215517,	0.146552,0.073276,0.000000,0.000000,0.000000,0.021552,0.814655,0.000000,0.000000,0.000000,0.193966,0.689655,0.456897,0.129310,0.172414,	0.314655,0.538793,0.659483,0.719828,0.978448,0.978448,0.000000,0.961207,0.913793,0.836207,0.556034,0.025862,0.206897,0.262931,0.512931,	0.120690,0.030172,0.142241,0.000000,0.000000,0.000000,0.137931,0.000000,0.086207,0.030172,0.081897,0.159483,0.228448,0.353448,0.099138,
SREBF1	10	0.387387,0.000000,0.000000,0.279279,0.027027,0.036036,0.000000,0.000000,0.990991,0.036036,	0.198198,0.000000,0.225225,0.000000,0.288288,0.144144,0.036036,0.000000,0.000000,0.351351,	0.414414,0.000000,0.774775,0.720721,0.558559,0.819820,0.000000,1.000000,0.000000,0.153153,	0.000000,1.000000,0.000000,0.000000,0.126126,0.000000,0.963964,0.000000,0.009009,0.459459,
SRF	14	0.256410,0.074359,0.020513,0.187179,0.000000,0.000000,0.207692,0.066667,0.843590,0.030769,0.579487,0.202564,0.025641,0.000000,	0.282051,0.125641,0.082051,0.169231,1.000000,0.987179,0.035897,0.000000,0.010256,0.010256,0.000000,0.007692,0.000000,0.002564,	0.123077,0.030769,0.256410,0.364103,0.000000,0.000000,0.000000,0.000000,0.038462,0.000000,0.002564,0.007692,0.974359,0.997436,	0.338462,0.769231,0.641026,0.279487,0.000000,0.012821,0.756410,0.933333,0.107692,0.958974,0.417949,0.782051,0.000000,0.000000,
STAT1	15	0.110638,0.357447,0.063830,0.000000,0.014894,0.131915,0.034043,0.470213,0.123404,0.017021,0.997872,1.000000,0.576596,0.117021,0.114894,	0.370213,0.153191,0.265957,0.000000,0.004255,0.838298,0.663830,0.000000,0.000000,0.000000,0.002128,0.000000,0.108511,0.227660,0.348936,	0.404255,0.242553,0.100000,0.002128,0.036170,0.010638,0.017021,0.519149,0.874468,0.942553,0.000000,0.000000,0.221277,0.217021,0.455319,	0.114894,0.246809,0.570213,0.997872,0.944681,0.019149,0.285106,0.010638,0.002128,0.040426,0.000000,0.000000,0.093617,0.438298,0.080851,
STAT2	15	0.090909,0.244589,0.712121,0.004329,0.000000,0.006494,0.002165,0.000000,0.409091,0.196970,0.010823,0.002165,0.004329,0.032468,0.047619,	0.127706,0.378788,0.010823,0.248918,0.006494,0.008658,0.025974,0.948052,0.095238,0.183983,0.008658,0.000000,0.292208,0.798701,0.586580,	0.127706,0.149351,0.218615,0.738095,0.000000,0.000000,0.006494,0.000000,0.344156,0.259740,0.006494,0.000000,0.004329,0.006494,0.058442,	0.653680,0.227273,0.058442,0.008658,0.993506,0.984848,0.965368,0.051948,0.151515,0.359307,0.974026,0.997835,0.699134,0.162338,0.307359,
TAL1	8	0.544554,0.287129,1.000000,0.000000,1.000000,0.000000,0.980198,1.000000,	0.000000,0.297030,0.000000,0.000000,0.000000,0.000000,0.000000,0.000000,	0.316832,0.415842,0.000000,1.000000,0.000000,0.277228,0.019802,0.000000,	0.138614,0.000000,0.000000,0.000000,0.000000,0.722772,0.000000,0.000000,
TBP	20	0.088608,0.189873,0.202532,0.139241,0.139241,0.189873,0.196203,0.113924,0.082278,0.145570,0.044304,0.037975,0.126582,0.012658,0.316456,0.031646,0.955696,0.056962,0.898734,0.170886,	0.563291,0.430380,0.316456,0.405063,0.354430,0.512658,0.411392,0.322785,0.500000,0.329114,0.417722,0.689873,0.170886,0.088608,0.000000,0.000000,0.018987,0.006329,0.031646,0.234177,	0.227848,0.259494,0.360759,0.386076,0.424051,0.215190,0.246835,0.417722,0.278481,0.354430,0.443038,0.050633,0.000000,0.000000,0.000000,0.000000,0.000000,0.000000,0.050633,0.525316,	0.120253,0.120253,0.120253,0.069620,0.082278,0.082278,0.145570,0.145570,0.139241,0.170886,0.094937,0.221519,0.702532,0.898734,0.683544,0.968354,0.025316,0.936709,0.018987,0.069620,
TCF12	11	0.340426,0.170213,0.504255,0.117021,0.000000,1.000000,0.000000,0.040426,0.000000,0.000000,0.027660,	0.202128,0.453191,0.087234,0.202128,1.000000,0.000000,0.072340,0.661702,0.000000,0.000000,0.251064,	0.325532,0.312766,0.165957,0.680851,0.000000,0.000000,0.927660,0.297872,0.000000,1.000000,0.314894,	0.131915,0.063830,0.242553,0.000000,0.000000,0.000000,0.000000,0.000000,1.000000,0.000000,0.406383,
TCF3	11	0.225248,0.247525,0.430693,0.376238,0.000000,1.000000,0.000000,0.000000,0.000000,0.000000,0.000000,	0.292079,0.405941,0.205446,0.200495,1.000000,0.000000,0.433168,1.000000,0.000000,0.000000,0.311881,	0.400990,0.225248,0.210396,0.423267,0.000000,0.000000,0.522277,0.000000,0.000000,1.000000,0.465347,	0.081683,0.121287,0.153465,0.000000,0.000000,0.000000,0.044554,0.000000,1.000000,0.000000,0.222772,
TCF7L2	11	0.342495,0.693446,0.016913,0.716702,0.061311,0.031712,1.000000,0.970402,0.961945,0.057082,0.194503,	0.243129,0.042283,0.446089,0.012685,0.000000,0.786469,0.000000,0.004228,0.000000,0.012685,0.243129,	0.317125,0.192389,0.505285,0.002114,0.010571,0.169133,0.000000,0.025370,0.027484,0.921776,0.482030,	0.097252,0.071882,0.031712,0.268499,0.928118,0.012685,0.000000,0.000000,0.010571,0.008457,0.080338,
TEAD1	8	0.653846,0.000000,1.000000,0.000000,0.000000,0.000000,0.000000,0.519231,	0.000000,1.000000,0.000000,0.000000,0.000000,1.000000,1.000000,0.000000,	0.346154,0.000000,0.000000,0.000000,0.000000,0.000000,0.000000,0.000000,	0.000000,0.000000,0.000000,1.000000,1.000000,0.000000,0.000000,0.480769,
TEAD4	11	0.528340,0.172065,0.997976,0.000000,0.036437,0.000000,0.000000,0.380567,0.123482,0.172065,0.155870,	0.008097,0.793522,0.000000,0.000000,0.004049,0.987854,0.914980,0.034413,0.117409,0.313765,0.554656,	0.459514,0.034413,0.002024,0.000000,0.012146,0.006073,0.000000,0.022267,0.607287,0.445344,0.251012,	0.004049,0.000000,0.000000,1.000000,0.947368,0.006073,0.085020,0.562753,0.151822,0.068826,0.038462,
UA10	15	0.041045,0.000000,0.996269,0.000000,0.955224,0.007463,0.145522,0.026119,0.041045,0.735075,0.029851,0.958955,0.257463,0.962687,0.910448,	0.078358,1.000000,0.003731,0.291045,0.003731,0.962687,0.044776,0.003731,0.026119,0.022388,0.014925,0.007463,0.026119,0.014925,0.011194,	0.029851,0.000000,0.000000,0.003731,0.022388,0.026119,0.026119,0.958955,0.914179,0.093284,0.955224,0.014925,0.690299,0.022388,0.074627,	0.850746,0.000000,0.000000,0.705224,0.018657,0.003731,0.783582,0.011194,0.018657,0.149254,0.000000,0.018657,0.026119,0.000000,0.003731,
UA11	18	0.235099,0.072848,0.102649,0.009934,0.006623,0.000000,0.072848,0.003311,0.009934,0.947020,0.000000,0.983444,0.036424,0.056291,0.009934,0.397351,0.066225,0.019868,	0.043046,0.039735,0.758278,0.218543,0.066225,0.006623,0.390728,0.927152,0.933775,0.000000,0.986755,0.000000,0.195364,0.023179,0.837748,0.221854,0.112583,0.291391,	0.645695,0.874172,0.009934,0.013245,0.003311,0.029801,0.301325,0.016556,0.009934,0.052980,0.000000,0.013245,0.056291,0.019868,0.109272,0.062914,0.039735,0.059603,	0.076159,0.013245,0.129139,0.758278,0.923841,0.963576,0.235099,0.052980,0.046358,0.000000,0.013245,0.003311,0.711921,0.900662,0.043046,0.317881,0.781457,0.629139,
UA12	8	0.544554,0.287129,1.000000,0.000000,1.000000,0.000000,0.980198,1.000000,	0.000000,0.297030,0.000000,0.000000,0.000000,0.000000,0.000000,0.000000,	0.316832,0.415842,0.000000,1.000000,0.000000,0.277228,0.019802,0.000000,	0.138614,0.000000,0.000000,0.000000,0.000000,0.722772,0.000000,0.000000,
UA1	15	0.155211,0.013304,0.137472,0.015521,0.000000,0.024390,0.002217,0.000000,0.773836,0.011086,0.725055,0.172949,0.008869,0.113082,0.070953,	0.343681,0.137472,0.818182,0.079823,1.000000,0.000000,0.997783,0.000000,0.064302,0.057650,0.044346,0.283814,0.368071,0.192905,0.339246,	0.206208,0.044346,0.028825,0.017738,0.000000,0.975610,0.000000,1.000000,0.121951,0.733925,0.161863,0.212860,0.073171,0.117517,0.456763,	0.294900,0.804878,0.015521,0.886918,0.000000,0.000000,0.000000,0.000000,0.039911,0.197339,0.068736,0.330377,0.549889,0.576497,0.133038,
UA2	13	0.100806,0.211694,0.096774,0.127016,0.114919,0.046371,0.002016,0.000000,0.620968,0.370968,0.000000,0.008065,0.596774,	0.381048,0.219758,0.409274,0.737903,0.320565,0.000000,0.409274,0.985887,0.193548,0.354839,0.000000,0.965726,0.137097,	0.296371,0.405242,0.364919,0.072581,0.030242,0.929435,0.000000,0.000000,0.104839,0.268145,0.002016,0.000000,0.120968,	0.221774,0.163306,0.129032,0.062500,0.534274,0.024194,0.588710,0.014113,0.080645,0.006048,0.997984,0.026210,0.145161,
UA3	15	0.060000,0.180000,0.204000,0.456000,0.016000,0.608000,0.000000,0.000000,0.050000,0.000000,0.128000,0.150000,0.106000,0.090000,0.126000,	0.628000,0.390000,0.296000,0.296000,0.006000,0.392000,1.000000,0.998000,0.950000,0.652000,0.404000,0.352000,0.572000,0.554000,0.508000,	0.224000,0.282000,0.454000,0.218000,0.974000,0.000000,0.000000,0.000000,0.000000,0.008000,0.140000,0.370000,0.208000,0.218000,0.242000,	0.088000,0.148000,0.046000,0.030000,0.004000,0.000000,0.000000,0.002000,0.000000,0.340000,0.328000,0.128000,0.114000,0.138000,0.124000,
UA4	15	0.014563,0.000000,0.985437,0.000000,0.043689,0.009709,0.000000,0.097087,0.296117,0.334951,0.169903,0.334951,0.359223,0.014563,0.019417,	0.975728,1.000000,0.014563,0.009709,0.563107,0.014563,0.029126,0.029126,0.082524,0.165049,0.043689,0.218447,0.344660,0.000000,0.014563,	0.000000,0.000000,0.000000,0.000000,0.237864,0.000000,0.000000,0.451456,0.563107,0.150485,0.160194,0.349515,0.087379,0.747573,0.961165,	0.009709,0.000000,0.000000,0.990291,0.155340,0.975728,0.970874,0.422330,0.058252,0.349515,0.626214,0.097087,0.208738,0.237864,0.004854,
UA5	15	0.462810,0.000000,0.033058,0.000000,0.000000,0.000000,0.000000,0.008264,0.000000,0.181818,0.115702,0.132231,0.429752,0.090909,0.074380,	0.057851,0.925620,0.000000,0.000000,0.991736,0.950413,0.000000,0.958678,0.991736,0.768595,0.033058,0.280992,0.322314,0.429752,0.438017,	0.297521,0.016529,0.049587,0.016529,0.000000,0.000000,0.975207,0.008264,0.000000,0.000000,0.578512,0.421488,0.099174,0.314050,0.165289,	0.181818,0.057851,0.917355,0.983471,0.008264,0.049587,0.024793,0.024793,0.008264,0.049587,0.272727,0.165289,0.148760,0.165289,0.322314,
UA6	15	0.214286,0.714286,0.300000,0.128571,0.142857,0.000000,0.985714,0.142857,0.042857,0.185714,0.014286,0.185714,0.000000,0.957143,0.071429,	0.471429,0.042857,0.028571,0.414286,0.614286,0.000000,0.000000,0.028571,0.700000,0.128571,0.971429,0.757143,0.000000,0.028571,0.028571,	0.214286,0.185714,0.671429,0.071429,0.200000,1.000000,0.014286,0.600000,0.214286,0.628571,0.014286,0.057143,1.000000,0.014286,0.842857,	0.100000,0.057143,0.000000,0.385714,0.042857,0.000000,0.000000,0.228571,0.042857,0.057143,0.000000,0.000000,0.000000,0.000000,0.057143,
UA7	21	0.174157,0.050562,0.949438,0.988764,0.853933,0.758427,0.022472,0.073034,0.078652,0.000000,0.011236,0.646067,0.162921,0.230337,0.157303,0.050562,0.488764,0.174157,0.235955,0.269663,0.168539,	0.264045,0.297753,0.022472,0.005618,0.022472,0.022472,0.808989,0.842697,0.595506,0.000000,0.022472,0.207865,0.331461,0.387640,0.112360,0.168539,0.117978,0.061798,0.185393,0.297753,0.314607,	0.511236,0.539326,0.028090,0.000000,0.123596,0.151685,0.112360,0.078652,0.005618,0.994382,0.943820,0.123596,0.460674,0.039326,0.651685,0.724719,0.269663,0.483146,0.264045,0.134831,0.207865,	0.050562,0.112360,0.000000,0.005618,0.000000,0.067416,0.056180,0.005618,0.320225,0.005618,0.022472,0.022472,0.044944,0.342697,0.078652,0.056180,0.123596,0.280899,0.314607,0.297753,0.308989,
UA8	14	0.227451,0.086275,0.964706,0.094118,0.529412,0.254902,0.462745,0.450980,0.415686,0.235294,0.000000,0.996078,0.000000,0.592157,	0.000000,0.000000,0.000000,0.282353,0.027451,0.200000,0.101961,0.066667,0.121569,0.486275,1.000000,0.000000,0.043137,0.090196,	0.086275,0.905882,0.000000,0.239216,0.301961,0.274510,0.137255,0.184314,0.235294,0.235294,0.000000,0.000000,0.956863,0.250980,	0.686275,0.007843,0.035294,0.384314,0.141176,0.270588,0.298039,0.298039,0.227451,0.043137,0.000000,0.003922,0.000000,0.066667,
UA9	11	0.215805,0.155015,0.443769,0.009119,0.793313,0.003040,0.000000,0.696049,0.048632,0.000000,0.361702,	0.112462,0.784195,0.237082,0.990881,0.000000,0.012158,0.735562,0.000000,0.000000,0.030395,0.185410,	0.337386,0.039514,0.039514,0.000000,0.000000,0.984802,0.133739,0.194529,0.775076,0.896657,0.258359,	0.334347,0.021277,0.279635,0.000000,0.206687,0.000000,0.130699,0.109422,0.176292,0.072948,0.194529,
UAK16	11	0.283582,0.380597,0.813433,0.873134,0.141791,0.432836,0.000000,0.850746,0.783582,0.955224,0.268657,	0.000000,0.007463,0.000000,0.000000,0.388060,0.000000,0.000000,0.000000,0.000000,0.000000,0.320896,	0.641791,0.567164,0.186567,0.067164,0.470149,0.000000,1.000000,0.149254,0.216418,0.044776,0.410448,	0.074627,0.044776,0.000000,0.059701,0.000000,0.567164,0.000000,0.000000,0.000000,0.000000,0.000000,
UAK17	21	0.000000,0.130769,0.084615,0.107692,0.061538,0.200000,0.123077,0.107692,0.084615,0.400000,0.015385,0.023077,0.946154,0.007692,0.069231,0.015385,0.084615,0.692308,0.130769,0.130769,0.092308,	0.661538,0.269231,0.669231,0.323077,0.384615,0.315385,0.369231,0.292308,0.107692,0.076923,0.015385,0.461538,0.000000,0.938462,0.038462,0.030769,0.415385,0.092308,0.492308,0.338462,0.330769,	0.284615,0.561538,0.246154,0.376923,0.453846,0.269231,0.438462,0.330769,0.707692,0.523077,0.000000,0.500000,0.053846,0.000000,0.892308,0.015385,0.484615,0.161538,0.223077,0.438462,0.469231,	0.053846,0.038462,0.000000,0.192308,0.100000,0.215385,0.069231,0.269231,0.100000,0.000000,0.969231,0.015385,0.000000,0.053846,0.000000,0.938462,0.015385,0.053846,0.153846,0.092308,0.107692,
UAK21	20	0.000000,0.000000,0.000000,1.000000,0.971014,0.028986,0.000000,0.144928,0.275362,0.275362,0.115942,0.144928,0.144928,0.072464,0.101449,0.159420,0.144928,0.086957,0.144928,0.101449,	0.927536,0.000000,0.000000,0.000000,0.000000,0.971014,0.739130,0.318841,0.072464,0.115942,0.275362,0.159420,0.217391,0.608696,0.275362,0.376812,0.362319,0.159420,0.115942,0.536232,	0.072464,1.000000,1.000000,0.000000,0.028986,0.000000,0.130435,0.028986,0.217391,0.260870,0.550725,0.260870,0.434783,0.130435,0.347826,0.391304,0.318841,0.739130,0.608696,0.289855,	0.000000,0.000000,0.000000,0.000000,0.000000,0.000000,0.130435,0.507246,0.434783,0.347826,0.057971,0.434783,0.202899,0.188406,0.275362,0.072464,0.173913,0.014493,0.130435,0.072464,
UAK22	11	0.078431,0.235294,0.431373,0.000000,0.000000,1.000000,0.000000,0.000000,0.000000,0.000000,1.000000,	0.235294,0.176471,0.117647,0.000000,0.529412,0.000000,0.529412,0.000000,0.000000,0.450980,0.000000,	0.529412,0.529412,0.450980,0.000000,0.470588,0.000000,0.176471,1.000000,0.000000,0.549020,0.000000,	0.156863,0.058824,0.000000,1.000000,0.000000,0.000000,0.294118,0.000000,1.000000,0.000000,0.000000,
UAK23	15	0.380090,0.334842,0.285068,0.972851,0.846154,0.131222,0.217195,0.085973,0.742081,0.651584,0.778281,0.266968,0.303167,0.321267,0.289593,	0.208145,0.013575,0.004525,0.000000,0.000000,0.339367,0.000000,0.004525,0.000000,0.045249,0.013575,0.298643,0.208145,0.131222,0.099548,	0.321267,0.619910,0.705882,0.022624,0.126697,0.520362,0.031674,0.909502,0.253394,0.303167,0.081448,0.407240,0.144796,0.361991,0.438914,	0.090498,0.031674,0.004525,0.004525,0.027149,0.009050,0.751131,0.000000,0.004525,0.000000,0.126697,0.027149,0.343891,0.185520,0.171946,
UAK24	14	0.540000,0.360000,0.000000,0.020000,0.000000,0.170000,0.450000,0.010000,0.310000,0.070000,0.000000,0.000000,0.000000,0.330000,	0.080000,0.000000,0.000000,0.000000,0.000000,0.000000,0.170000,0.570000,0.410000,0.090000,0.560000,0.980000,1.000000,0.060000,	0.250000,0.400000,0.000000,0.980000,1.000000,0.040000,0.100000,0.040000,0.280000,0.560000,0.010000,0.000000,0.000000,0.490000,	0.130000,0.240000,1.000000,0.000000,0.000000,0.790000,0.280000,0.380000,0.000000,0.280000,0.430000,0.020000,0.000000,0.120000,
UAK25	21	0.000000,0.689655,0.137931,0.034483,0.827586,0.000000,0.275862,0.000000,0.000000,0.000000,0.206897,0.000000,0.000000,0.241379,0.172414,0.275862,0.482759,0.137931,0.241379,0.068966,0.206897,	0.965517,0.000000,0.655172,0.482759,0.000000,0.000000,0.000000,0.000000,0.000000,0.000000,0.758621,0.000000,0.827586,0.206897,0.448276,0.137931,0.241379,0.241379,0.241379,0.551724,0.689655,	0.034483,0.206897,0.172414,0.000000,0.000000,1.000000,0.724138,0.793103,1.000000,0.931034,0.000000,0.827586,0.034483,0.172414,0.310345,0.172414,0.275862,0.620690,0.413793,0.241379,0.000000,	0.000000,0.103448,0.034483,0.482759,0.172414,0.000000,0.000000,0.206897,0.000000,0.068966,0.034483,0.172414,0.137931,0.379310,0.068966,0.413793,0.000000,0.000000,0.103448,0.137931,0.103448,
UAK26	11	0.882353,0.205882,0.235294,0.000000,0.000000,0.000000,0.000000,0.970588,0.264706,0.000000,0.676471,	0.000000,0.000000,0.205882,0.000000,0.000000,0.000000,1.000000,0.029412,0.000000,0.529412,0.000000,	0.000000,0.676471,0.558824,0.000000,1.000000,1.000000,0.000000,0.000000,0.735294,0.088235,0.235294,	0.117647,0.117647,0.000000,1.000000,0.000000,0.000000,0.000000,0.000000,0.000000,0.382353,0.088235,
UAK27	11	0.260870,0.086957,1.000000,0.000000,0.913043,0.086957,0.304348,0.043478,0.043478,1.000000,0.000000,	0.086957,0.565217,0.000000,0.000000,0.000000,0.000000,0.000000,0.000000,0.956522,0.000000,0.217391,	0.652174,0.000000,0.000000,1.000000,0.000000,0.913043,0.695652,0.956522,0.000000,0.000000,0.782609,	0.000000,0.347826,0.000000,0.000000,0.086957,0.000000,0.000000,0.000000,0.000000,0.000000,0.000000,
UAK28	15	0.055556,0.083333,0.333333,0.222222,0.027778,0.027778,0.000000,0.000000,0.000000,0.888889,0.000000,0.000000,0.000000,0.000000,0.111111,	0.250000,0.611111,0.361111,0.055556,0.527778,0.000000,0.194444,0.027778,1.000000,0.000000,0.416667,0.000000,0.055556,0.777778,0.611111,	0.166667,0.027778,0.000000,0.388889,0.388889,0.000000,0.000000,0.000000,0.000000,0.000000,0.500000,0.000000,0.000000,0.000000,0.055556,	0.527778,0.277778,0.305556,0.333333,0.055556,0.972222,0.805556,0.972222,0.000000,0.111111,0.083333,1.000000,0.944444,0.222222,0.222222,
UAK29	8	0.079208,0.000000,0.000000,0.000000,0.351485,0.000000,0.633663,1.000000,	0.297030,0.544554,0.000000,0.000000,0.000000,0.000000,0.000000,0.000000,	0.232673,0.287129,0.000000,1.000000,0.648515,1.000000,0.366337,0.000000,	0.391089,0.168317,1.000000,0.000000,0.000000,0.000000,0.000000,0.000000,
UAK30	8	1.000000,0.442857,0.000000,0.000000,0.357143,0.000000,1.000000,0.000000,	0.000000,0.228571,1.000000,1.000000,0.342857,1.000000,0.000000,0.000000,	0.000000,0.328571,0.000000,0.000000,0.000000,0.000000,0.000000,1.000000,	0.000000,0.000000,0.000000,0.000000,0.300000,0.000000,0.000000,0.000000,
UAK31	11	0.625000,0.430556,0.541667,0.902778,0.083333,1.000000,0.000000,0.069444,0.763889,1.000000,0.138889,	0.138889,0.208333,0.194444,0.000000,0.541667,0.000000,0.000000,0.041667,0.236111,0.000000,0.083333,	0.222222,0.208333,0.250000,0.097222,0.375000,0.000000,1.000000,0.888889,0.000000,0.000000,0.777778,	0.013889,0.152778,0.013889,0.000000,0.000000,0.000000,0.000000,0.000000,0.000000,0.000000,0.000000,
UAK32	15	0.166667,0.083333,0.000000,0.083333,0.083333,0.333333,0.416667,0.000000,0.166667,0.083333,0.000000,0.000000,0.000000,0.000000,0.083333,	0.083333,0.000000,0.000000,0.416667,0.500000,0.083333,0.333333,0.583333,0.000000,0.166667,0.000000,0.833333,1.000000,1.000000,0.000000,	0.000000,0.250000,0.666667,0.416667,0.166667,0.583333,0.083333,0.083333,0.833333,0.500000,0.083333,0.000000,0.000000,0.000000,0.000000,	0.750000,0.666667,0.333333,0.083333,0.250000,0.000000,0.166667,0.333333,0.000000,0.250000,0.916667,0.166667,0.000000,0.000000,0.916667,
UAK33	18	0.234875,0.110320,0.252669,0.067616,0.056940,0.053381,0.338078,0.007117,0.003559,0.967972,0.032028,0.000000,0.939502,0.000000,0.010676,0.042705,0.451957,0.071174,	0.135231,0.508897,0.220641,0.110320,0.138790,0.861210,0.049822,0.587189,0.014235,0.000000,0.000000,0.000000,0.000000,1.000000,0.982206,0.775801,0.188612,0.049822,	0.523132,0.245552,0.412811,0.754448,0.718861,0.035587,0.263345,0.035587,0.007117,0.032028,0.960854,1.000000,0.060498,0.000000,0.000000,0.099644,0.217082,0.839858,	0.106762,0.135231,0.113879,0.067616,0.085409,0.049822,0.348754,0.370107,0.975089,0.000000,0.007117,0.000000,0.000000,0.000000,0.007117,0.081851,0.142349,0.039146,
UAK34	11	0.000000,0.000000,0.000000,0.000000,0.150000,0.133333,0.000000,0.116667,0.050000,0.033333,0.300000,	0.666667,0.116667,0.250000,1.000000,0.850000,0.000000,0.000000,0.616667,0.000000,0.000000,0.166667,	0.000000,0.000000,0.166667,0.000000,0.000000,0.000000,1.000000,0.000000,0.000000,0.916667,0.000000,	0.333333,0.883333,0.583333,0.000000,0.000000,0.866667,0.000000,0.266667,0.950000,0.050000,0.533333,
UAK35	11	0.421769,0.000000,0.034014,0.000000,0.000000,0.000000,0.000000,0.000000,0.068027,0.149660,0.000000,	0.231293,0.823129,0.000000,0.000000,1.000000,1.000000,0.000000,0.258503,0.333333,0.333333,0.414966,	0.306122,0.000000,0.000000,0.000000,0.000000,0.000000,0.428571,0.734694,0.251701,0.149660,0.380952,	0.040816,0.176871,0.965986,1.000000,0.000000,0.000000,0.571429,0.006803,0.346939,0.367347,0.204082,
UAK36	8	0.000000,0.610169,0.000000,0.000000,0.000000,0.000000,0.000000,0.282486,	1.000000,0.000000,0.000000,1.000000,0.000000,0.000000,0.536723,0.384181,	0.000000,0.000000,0.644068,0.000000,0.000000,1.000000,0.214689,0.000000,	0.000000,0.389831,0.355932,0.000000,1.000000,0.000000,0.248588,0.333333,
UAK37	11	0.707317,0.170732,0.024390,0.634146,0.000000,0.146341,0.634146,1.000000,0.731707,0.000000,1.000000,	0.243902,0.000000,0.268293,0.000000,0.000000,0.195122,0.365854,0.000000,0.146341,1.000000,0.000000,	0.000000,0.000000,0.707317,0.000000,1.000000,0.073171,0.000000,0.000000,0.000000,0.000000,0.000000,	0.048780,0.829268,0.000000,0.365854,0.000000,0.585366,0.000000,0.000000,0.121951,0.000000,0.000000,
UAK38	11	0.705882,0.137255,0.039216,1.000000,0.000000,0.803922,0.000000,0.803922,0.000000,0.235294,0.392157,	0.000000,0.000000,0.960784,0.000000,0.137255,0.196078,0.803922,0.000000,0.039216,0.647059,0.372549,	0.254902,0.745098,0.000000,0.000000,0.803922,0.000000,0.196078,0.098039,0.960784,0.117647,0.000000,	0.039216,0.117647,0.000000,0.000000,0.058824,0.000000,0.000000,0.098039,0.000000,0.000000,0.235294,
UAK39	18	0.888889,0.000000,0.955556,0.022222,0.000000,0.333333,0.088889,0.311111,0.266667,0.244444,0.333333,0.155556,0.644444,0.000000,0.977778,0.000000,0.577778,0.622222,	0.022222,0.000000,0.000000,0.000000,0.244444,0.155556,0.377778,0.288889,0.377778,0.311111,0.044444,0.355556,0.000000,0.000000,0.022222,0.000000,0.000000,0.000000,	0.000000,0.977778,0.044444,0.000000,0.733333,0.177778,0.266667,0.288889,0.222222,0.222222,0.422222,0.222222,0.022222,1.000000,0.000000,0.000000,0.066667,0.244444,	0.088889,0.022222,0.000000,0.977778,0.022222,0.333333,0.266667,0.111111,0.133333,0.222222,0.200000,0.266667,0.333333,0.000000,0.000000,1.000000,0.355556,0.133333,
UAK40	15	0.359649,0.728070,0.807018,0.850877,0.412281,0.403509,0.385965,0.956140,0.973684,0.973684,0.175439,0.271930,0.473684,0.798246,0.587719,	0.052632,0.017544,0.035088,0.000000,0.105263,0.271930,0.017544,0.008772,0.000000,0.000000,0.298246,0.210526,0.052632,0.000000,0.000000,	0.350877,0.254386,0.157895,0.140351,0.482456,0.078947,0.596491,0.035088,0.026316,0.026316,0.526316,0.219298,0.307018,0.201754,0.359649,	0.236842,0.000000,0.000000,0.008772,0.000000,0.245614,0.000000,0.000000,0.000000,0.000000,0.000000,0.298246,0.166667,0.000000,0.052632,
UAK41	21	0.166667,0.222222,0.111111,0.166667,0.000000,0.166667,0.055556,0.000000,0.777778,0.000000,0.000000,0.000000,0.000000,1.000000,0.000000,0.000000,0.944444,0.333333,0.333333,0.277778,0.166667,	0.000000,0.055556,0.333333,0.055556,0.055556,0.833333,0.055556,0.000000,0.111111,0.111111,0.055556,0.000000,0.888889,0.000000,0.000000,1.000000,0.000000,0.166667,0.000000,0.000000,0.000000,	0.000000,0.000000,0.111111,0.000000,0.944444,0.000000,0.000000,0.611111,0.055556,0.333333,0.944444,0.055556,0.111111,0.000000,0.944444,0.000000,0.000000,0.055556,0.000000,0.000000,0.000000,	0.833333,0.722222,0.444444,0.777778,0.000000,0.000000,0.888889,0.388889,0.055556,0.555556,0.000000,0.944444,0.000000,0.000000,0.055556,0.000000,0.055556,0.444444,0.666667,0.722222,0.833333,
UAK42	15	0.121145,0.200441,0.165198,0.220264,0.255507,0.244493,0.325991,0.202643,0.037445,0.026432,0.403084,0.079295,0.015419,0.242291,0.136564,	0.270925,0.253304,0.226872,0.211454,0.127753,0.189427,0.103524,0.000000,0.000000,0.000000,0.484581,0.000000,0.002203,0.000000,0.000000,	0.486784,0.460352,0.535242,0.517621,0.473568,0.541850,0.517621,0.775330,0.955947,0.973568,0.000000,0.898678,0.982379,0.746696,0.863436,	0.121145,0.085903,0.072687,0.050661,0.143172,0.024229,0.052863,0.022026,0.006608,0.000000,0.112335,0.022026,0.000000,0.011013,0.000000,
UAK43	8	1.000000,0.617647,1.000000,0.000000,0.000000,0.000000,0.000000,1.000000,	0.000000,0.000000,0.000000,0.000000,0.000000,0.352941,1.000000,0.000000,	0.000000,0.382353,0.000000,1.000000,1.000000,0.000000,0.000000,0.000000,	0.000000,0.000000,0.000000,0.000000,0.000000,0.647059,0.000000,0.000000,
UAK44	15	0.000000,0.500000,0.166667,0.000000,0.000000,0.000000,0.666667,0.000000,0.833333,0.000000,0.500000,0.500000,0.000000,0.666667,0.000000,	0.666667,0.000000,0.000000,0.166667,0.833333,1.000000,0.000000,0.833333,0.000000,0.833333,0.500000,0.000000,0.666667,0.000000,0.000000,	0.333333,0.000000,0.833333,0.833333,0.000000,0.000000,0.000000,0.166667,0.000000,0.000000,0.000000,0.000000,0.333333,0.166667,1.000000,	0.000000,0.500000,0.000000,0.000000,0.166667,0.000000,0.333333,0.000000,0.166667,0.166667,0.000000,0.500000,0.000000,0.166667,0.000000,
UAK45	16	0.031579,0.031579,0.021053,0.000000,0.021053,0.021053,0.000000,0.000000,0.694737,0.147368,0.115789,0.000000,0.315789,0.305263,0.757895,0.000000,	0.642105,0.421053,0.000000,0.042105,0.126316,0.052632,0.884211,0.863158,0.115789,0.094737,0.000000,0.031579,0.431579,0.042105,0.094737,0.894737,	0.189474,0.431579,0.978947,0.000000,0.000000,0.884211,0.000000,0.000000,0.084211,0.126316,0.884211,0.968421,0.042105,0.557895,0.094737,0.021053,	0.136842,0.115789,0.000000,0.957895,0.852632,0.042105,0.115789,0.136842,0.105263,0.631579,0.000000,0.000000,0.210526,0.094737,0.052632,0.084211,
UAK46	15	0.072289,0.114458,0.843373,0.879518,0.734940,0.518072,0.325301,0.602410,0.054217,0.012048,0.927711,0.036145,0.114458,0.216867,0.807229,	0.000000,0.018072,0.048193,0.006024,0.078313,0.150602,0.114458,0.174699,0.000000,0.000000,0.000000,0.403614,0.054217,0.632530,0.072289,	0.825301,0.855422,0.102410,0.102410,0.114458,0.108434,0.162651,0.120482,0.006024,0.867470,0.000000,0.536145,0.024096,0.018072,0.042169,	0.102410,0.012048,0.006024,0.012048,0.072289,0.222892,0.397590,0.102410,0.939759,0.120482,0.072289,0.024096,0.807229,0.132530,0.078313,
UAK47	10	0.578947,0.705263,0.000000,0.000000,0.000000,1.000000,1.000000,1.000000,0.473684,0.494737,	0.178947,0.084211,0.000000,0.000000,0.000000,0.000000,0.000000,0.000000,0.252632,0.063158,	0.168421,0.210526,0.000000,1.000000,1.000000,0.000000,0.000000,0.000000,0.221053,0.000000,	0.073684,0.000000,1.000000,0.000000,0.000000,0.000000,0.000000,0.000000,0.052632,0.442105,
UAK48	11	0.000000,0.912281,0.631579,0.807018,0.000000,0.000000,0.000000,0.000000,1.000000,0.210526,0.070175,	0.877193,0.087719,0.000000,0.000000,0.000000,0.000000,0.157895,0.894737,0.000000,0.052632,0.228070,	0.122807,0.000000,0.350877,0.122807,1.000000,0.578947,0.210526,0.105263,0.000000,0.614035,0.631579,	0.000000,0.000000,0.017544,0.070175,0.000000,0.421053,0.631579,0.000000,0.000000,0.122807,0.070175,
UAK49	8	0.000000,0.482143,0.000000,0.000000,0.392857,1.000000,0.000000,1.000000,	1.000000,0.000000,0.000000,0.000000,0.250000,0.000000,1.000000,0.000000,	0.000000,0.000000,1.000000,1.000000,0.357143,0.000000,0.000000,0.000000,	0.000000,0.517857,0.000000,0.000000,0.000000,0.000000,0.000000,0.000000,
UAK50	14	0.025000,0.525000,0.025000,0.325000,0.000000,0.125000,0.300000,0.000000,0.900000,0.350000,1.000000,0.050000,0.950000,0.175000,	0.850000,0.175000,0.775000,0.000000,0.000000,0.050000,0.025000,0.750000,0.025000,0.650000,0.000000,0.775000,0.000000,0.125000,	0.025000,0.000000,0.050000,0.000000,0.950000,0.300000,0.450000,0.000000,0.000000,0.000000,0.000000,0.150000,0.000000,0.575000,	0.100000,0.300000,0.150000,0.675000,0.050000,0.525000,0.225000,0.250000,0.075000,0.000000,0.000000,0.025000,0.050000,0.125000,
UAK51	21	0.000000,1.000000,0.600000,0.000000,1.000000,0.200000,0.000000,0.000000,0.400000,0.000000,0.400000,1.000000,0.000000,0.000000,0.800000,1.000000,1.000000,1.000000,0.200000,0.000000,0.200000,	1.000000,0.000000,0.000000,1.000000,0.000000,0.000000,0.800000,0.400000,0.200000,0.200000,0.200000,0.000000,0.000000,0.600000,0.200000,0.000000,0.000000,0.000000,0.000000,1.000000,0.000000,	0.000000,0.000000,0.400000,0.000000,0.000000,0.800000,0.000000,0.000000,0.200000,0.400000,0.000000,0.000000,1.000000,0.400000,0.000000,0.000000,0.000000,0.000000,0.800000,0.000000,0.000000,	0.000000,0.000000,0.000000,0.000000,0.000000,0.000000,0.200000,0.600000,0.200000,0.400000,0.400000,0.000000,0.000000,0.000000,0.000000,0.000000,0.000000,0.000000,0.000000,0.000000,0.800000,
UAK52	8	0.000000,0.666667,0.000000,0.000000,0.015385,0.000000,0.000000,0.338462,	1.000000,0.000000,0.000000,1.000000,0.000000,0.000000,0.512821,0.364103,	0.000000,0.000000,0.600000,0.000000,0.000000,1.000000,0.271795,0.000000,	0.000000,0.333333,0.400000,0.000000,0.984615,0.000000,0.215385,0.297436,
UAK53	12	0.000000,0.750000,0.250000,0.000000,0.000000,0.250000,0.000000,0.000000,0.750000,0.500000,1.000000,0.000000,	1.000000,0.000000,0.000000,0.000000,0.000000,0.000000,0.000000,0.250000,0.000000,0.000000,0.000000,0.000000,	0.000000,0.000000,0.000000,0.500000,0.000000,0.000000,1.000000,0.750000,0.250000,0.500000,0.000000,1.000000,	0.000000,0.250000,0.750000,0.500000,1.000000,0.750000,0.000000,0.000000,0.000000,0.000000,0.000000,0.000000,
UAK54	15	0.014599,0.024331,0.000000,1.000000,0.007299,0.002433,0.484185,0.058394,0.007299,0.014599,0.063260,0.038929,0.187348,0.469586,0.216545,	0.985401,0.953771,0.109489,0.000000,0.982968,0.000000,0.024331,0.082725,0.012165,0.192214,0.009732,0.773723,0.510949,0.165450,0.124088,	0.000000,0.000000,0.007299,0.000000,0.009732,0.000000,0.491484,0.070560,0.980535,0.024331,0.854015,0.058394,0.111922,0.192214,0.571776,	0.000000,0.021898,0.883212,0.000000,0.000000,0.997567,0.000000,0.788321,0.000000,0.768856,0.072993,0.128954,0.189781,0.172749,0.087591,
UAK55	15	0.000000,0.275510,0.010204,0.000000,0.000000,0.897959,0.377551,0.030612,0.867347,0.744898,0.826531,0.000000,0.581633,0.071429,0.132653,	0.295918,0.051020,0.734694,0.000000,0.795918,0.010204,0.030612,0.295918,0.071429,0.122449,0.030612,0.214286,0.051020,0.265306,0.081633,	0.030612,0.642857,0.010204,0.030612,0.010204,0.010204,0.591837,0.061224,0.040816,0.122449,0.142857,0.051020,0.367347,0.204082,0.000000,	0.673469,0.030612,0.244898,0.969388,0.193878,0.081633,0.000000,0.612245,0.020408,0.010204,0.000000,0.734694,0.000000,0.459184,0.785714,
UAK56	15	0.066667,0.733333,0.000000,0.933333,0.000000,1.000000,0.000000,0.033333,0.866667,0.000000,0.000000,0.066667,0.433333,0.033333,0.033333,	0.866667,0.033333,0.966667,0.000000,0.766667,0.000000,0.000000,0.033333,0.000000,0.000000,0.000000,0.333333,0.200000,0.500000,0.133333,	0.033333,0.200000,0.000000,0.033333,0.000000,0.000000,1.000000,0.000000,0.133333,1.000000,1.000000,0.066667,0.333333,0.033333,0.233333,	0.033333,0.033333,0.033333,0.033333,0.233333,0.000000,0.000000,0.933333,0.000000,0.000000,0.000000,0.533333,0.033333,0.433333,0.600000,
UAK57	11	0.328358,1.000000,0.000000,0.000000,0.000000,0.343284,0.119403,0.000000,0.000000,0.000000,0.000000,	0.388060,0.000000,0.000000,0.000000,1.000000,0.417910,0.313433,0.671642,0.000000,1.000000,0.000000,	0.283582,0.000000,0.746269,1.000000,0.000000,0.000000,0.358209,0.000000,1.000000,0.000000,1.000000,	0.000000,0.000000,0.253731,0.000000,0.000000,0.238806,0.208955,0.328358,0.000000,0.000000,0.000000,
UAK58	21	0.301887,0.349057,0.415094,0.712264,0.679245,0.000000,0.150943,0.231132,0.000000,0.136792,0.084906,0.070755,0.245283,0.320755,0.000000,0.268868,0.391509,0.004717,0.150943,0.094340,0.146226,	0.363208,0.311321,0.165094,0.004717,0.014151,0.877358,0.537736,0.014151,0.000000,0.254717,0.372642,0.363208,0.061321,0.066038,0.962264,0.462264,0.000000,0.070755,0.259434,0.207547,0.363208,	0.165094,0.212264,0.268868,0.198113,0.103774,0.122642,0.000000,0.330189,1.000000,0.014151,0.023585,0.000000,0.174528,0.198113,0.014151,0.000000,0.320755,0.924528,0.066038,0.075472,0.132075,	0.169811,0.127358,0.150943,0.084906,0.202830,0.000000,0.311321,0.424528,0.000000,0.594340,0.518868,0.566038,0.518868,0.415094,0.023585,0.268868,0.287736,0.000000,0.523585,0.622642,0.358491,
UAK59	8	0.000000,0.710000,0.000000,0.410000,0.000000,0.000000,0.730000,0.000000,	1.000000,0.000000,0.000000,0.000000,0.200000,1.000000,0.000000,0.000000,	0.000000,0.000000,1.000000,0.590000,0.500000,0.000000,0.000000,1.000000,	0.000000,0.290000,0.000000,0.000000,0.300000,0.000000,0.270000,0.000000,
UAK60	8	0.000000,0.000000,0.000000,0.282353,0.000000,0.470588,0.529412,0.000000,	0.600000,1.000000,1.000000,0.000000,0.000000,0.000000,0.000000,0.000000,	0.400000,0.000000,0.000000,0.000000,1.000000,0.529412,0.470588,1.000000,	0.000000,0.000000,0.000000,0.717647,0.000000,0.000000,0.000000,0.000000,
UAK61	8	0.491071,0.000000,0.000000,0.000000,0.008929,0.000000,0.000000,0.133929,	0.000000,0.000000,0.000000,0.258929,0.991071,0.000000,1.000000,0.866071,	0.357143,1.000000,0.000000,0.741071,0.000000,0.000000,0.000000,0.000000,	0.151786,0.000000,1.000000,0.000000,0.000000,1.000000,0.000000,0.000000,
USF	11	0.076000,0.190000,0.064000,0.000000,0.988000,0.000000,0.008000,0.000000,0.000000,0.888000,0.000000,	0.336000,0.292000,0.432000,1.000000,0.004000,0.866000,0.006000,0.000000,0.000000,0.052000,0.844000,	0.534000,0.450000,0.114000,0.000000,0.006000,0.006000,0.986000,0.000000,1.000000,0.060000,0.024000,	0.054000,0.068000,0.390000,0.000000,0.002000,0.128000,0.000000,1.000000,0.000000,0.000000,0.132000,
V_AP4_01	8	0.305936,0.000000,0.694064,0.000000,0.000000,0.000000,0.000000,0.000000,	0.283105,1.000000,0.000000,0.000000,1.000000,0.000000,0.000000,0.410959,	0.136986,0.000000,0.000000,0.520548,0.000000,0.000000,1.000000,0.246575,	0.273973,0.000000,0.305936,0.479452,0.000000,1.000000,0.000000,0.342466,
v-JUN	15	0.291793,0.325228,0.252280,0.379939,0.717325,0.000000,0.000000,1.000000,0.000000,0.003040,0.000000,0.176292,1.000000,0.009119,0.221884,	0.227964,0.130699,0.176292,0.091185,0.000000,0.000000,0.000000,0.000000,0.696049,0.072948,0.069909,0.820669,0.000000,0.237082,0.498480,	0.300912,0.322188,0.367781,0.510638,0.282675,0.000000,1.000000,0.000000,0.042553,0.905775,0.000000,0.003040,0.000000,0.100304,0.148936,	0.179331,0.221884,0.203647,0.018237,0.000000,1.000000,0.000000,0.000000,0.261398,0.018237,0.930091,0.000000,0.000000,0.653495,0.130699,
v-Maf	17	0.278000,0.128000,0.050000,0.188000,0.116000,0.216000,0.726000,0.082000,0.000000,0.020000,1.000000,0.000000,0.000000,0.930000,0.392000,0.428000,0.338000,	0.194000,0.072000,0.168000,0.670000,0.096000,0.032000,0.070000,0.344000,0.000000,0.980000,0.000000,0.000000,0.998000,0.000000,0.160000,0.050000,0.046000,	0.128000,0.172000,0.752000,0.014000,0.078000,0.642000,0.086000,0.552000,0.002000,0.000000,0.000000,0.922000,0.002000,0.040000,0.180000,0.036000,0.020000,	0.400000,0.628000,0.030000,0.128000,0.710000,0.110000,0.118000,0.022000,0.998000,0.000000,0.000000,0.078000,0.000000,0.030000,0.268000,0.486000,0.596000,
NFIC	15	0.000000,0.000000,0.034483,0.011494,0.000000,0.160920,0.287356,0.091954,0.195402,0.137931,0.149425,0.000000,0.011494,0.057471,0.758621,	0.643678,0.356322,0.011494,0.000000,0.000000,0.770115,0.252874,0.333333,0.310345,0.218391,0.091954,0.011494,0.988506,0.942529,0.126437,	0.126437,0.000000,0.195402,0.977011,1.000000,0.068966,0.011494,0.356322,0.091954,0.298851,0.160920,0.620690,0.000000,0.000000,0.000000,	0.229885,0.643678,0.758621,0.011494,0.000000,0.000000,0.448276,0.218391,0.402299,0.344828,0.597701,0.367816,0.000000,0.000000,0.114943,
V_P50RELAP65_Q5_01	22	0.014085,0.028169,0.352113,0.154930,0.042254,0.985915,0.985915,0.225352,0.028169,0.028169,0.014085,0.000000,0.014085,0.676056,0.014085,0.028169,0.028169,0.028169,0.042254,0.000000,0.014085,0.000000,	0.985915,0.619718,0.014085,0.000000,0.000000,0.000000,0.000000,0.154930,0.014085,0.309859,0.760563,0.929577,0.816901,0.028169,0.915493,0.929577,0.802817,0.746479,0.028169,0.014085,0.042254,0.957746,	0.000000,0.000000,0.577465,0.845070,0.957746,0.014085,0.014085,0.014085,0.014085,0.647887,0.000000,0.014085,0.014085,0.253521,0.000000,0.014085,0.000000,0.014085,0.014085,0.000000,0.000000,0.000000,	0.000000,0.352113,0.056338,0.000000,0.000000,0.000000,0.000000,0.605634,0.943662,0.014085,0.225352,0.056338,0.154930,0.042254,0.070423,0.028169,0.169014,0.211268,0.915493,0.985915,0.943662,0.042254,
V_PU1_Q4	8	0.000000,0.000000,0.000000,0.000000,0.000000,0.000000,0.000000,0.314286,	0.721429,0.342857,0.000000,0.942857,1.000000,0.571429,1.000000,0.385714,	0.000000,0.000000,0.000000,0.000000,0.000000,0.000000,0.000000,0.000000,	0.278571,0.657143,1.000000,0.057143,0.000000,0.428571,0.000000,0.300000,
V_RFX1_02	14	0.045455,0.000000,0.000000,0.045455,0.000000,0.000000,0.727273,0.204545,0.000000,0.068182,0.159091,0.409091,0.772727,0.090909,	0.000000,0.045455,0.045455,0.022727,0.931818,0.659091,0.000000,0.000000,0.000000,0.000000,0.500000,0.090909,0.000000,0.772727,	0.954545,0.000000,0.045455,0.931818,0.000000,0.000000,0.136364,0.204545,1.000000,0.931818,0.204545,0.431818,0.090909,0.000000,	0.000000,0.954545,0.909091,0.000000,0.068182,0.340909,0.136364,0.590909,0.000000,0.000000,0.136364,0.068182,0.136364,0.136364,
NR4A1	8	0.927273,1.000000,1.000000,0.000000,0.000000,0.000000,0.000000,1.000000,	0.000000,0.000000,0.000000,0.000000,0.000000,0.000000,0.890909,0.000000,	0.072727,0.000000,0.000000,0.800000,1.000000,0.090909,0.000000,0.000000,	0.000000,0.000000,0.000000,0.200000,0.000000,0.909091,0.109091,0.000000,
YY1	15	0.087683,0.123173,0.169102,0.162839,0.064718,0.054280,0.116910,0.029228,0.000000,0.000000,0.989562,0.000000,0.050104,0.068894,0.000000,	0.298539,0.206681,0.298539,0.359081,0.050104,0.734864,0.638831,0.000000,1.000000,1.000000,0.008351,0.000000,0.501044,0.035491,0.083507,	0.471816,0.553236,0.365344,0.367432,0.810021,0.114823,0.194154,0.951983,0.000000,0.000000,0.002088,0.000000,0.254697,0.016701,0.000000,	0.141962,0.116910,0.167015,0.110647,0.075157,0.096033,0.050104,0.018789,0.000000,0.000000,0.000000,1.000000,0.194154,0.878914,0.916493,
ZEB1	8	0.429577,0.000000,1.000000,0.000000,0.000000,0.000000,0.000000,0.007042,	0.185446,1.000000,0.000000,0.718310,1.000000,0.000000,0.000000,0.274648,	0.349765,0.000000,0.000000,0.199531,0.000000,0.000000,1.000000,0.521127,	0.035211,0.000000,0.000000,0.082160,0.000000,1.000000,0.000000,0.197183,
ZNF143-ext	21	0.337500,0.568750,0.981250,0.006250,0.006250,0.906250,0.000000,0.881250,0.481250,0.100000,0.025000,0.012500,0.000000,0.000000,0.781250,0.100000,0.393750,0.731250,0.081250,0.075000,0.018750,	0.031250,0.018750,0.018750,0.993750,0.031250,0.056250,0.981250,0.037500,0.112500,0.275000,0.062500,0.943750,1.000000,1.000000,0.012500,0.100000,0.381250,0.018750,0.037500,0.175000,0.925000,	0.612500,0.406250,0.000000,0.000000,0.000000,0.031250,0.012500,0.062500,0.118750,0.150000,0.025000,0.000000,0.000000,0.000000,0.206250,0.725000,0.206250,0.250000,0.487500,0.700000,0.031250,	0.018750,0.006250,0.000000,0.000000,0.962500,0.006250,0.006250,0.018750,0.287500,0.475000,0.887500,0.043750,0.000000,0.000000,0.000000,0.075000,0.018750,0.000000,0.393750,0.050000,0.025000,
ZNF143	15	0.023256,0.279070,0.302326,0.093023,0.000000,0.046512,0.511628,0.000000,0.046512,0.046512,0.023256,0.000000,0.000000,0.069767,0.883721,	0.883721,0.023256,0.116279,0.023256,0.000000,0.720930,0.372093,0.209302,0.000000,0.860465,0.279070,0.023256,0.000000,0.000000,0.000000,	0.046512,0.674419,0.418605,0.395349,1.000000,0.162791,0.069767,0.000000,0.744186,0.093023,0.023256,0.976744,1.000000,0.930233,0.116279,	0.046512,0.023256,0.162791,0.488372,0.000000,0.069767,0.046512,0.790698,0.209302,0.000000,0.674419,0.000000,0.000000,0.000000,0.000000,
ZNF263	15	0.073753,0.123644,0.099783,0.151844,0.049892,0.221258,0.021692,0.004338,0.000000,0.032538,0.000000,0.000000,0.002169,0.036876,0.136659,	0.629067,0.329718,0.650759,0.240781,0.455531,0.596529,0.581345,0.000000,0.802603,0.958785,0.004338,0.980477,0.980477,0.704989,0.442516,	0.136659,0.097614,0.175705,0.188720,0.197397,0.149675,0.323210,0.000000,0.197397,0.000000,0.002169,0.004338,0.002169,0.008677,0.099783,	0.160521,0.449024,0.073753,0.418655,0.297180,0.032538,0.073753,0.995662,0.000000,0.008677,0.993492,0.015184,0.015184,0.249458,0.321041,
ZNF281	11	0.155738,0.139344,0.295082,0.049180,0.000000,0.590164,0.073770,0.000000,0.147541,0.122951,0.483607,	0.000000,0.000000,0.000000,0.000000,0.000000,0.262295,0.000000,0.000000,0.008197,0.000000,0.254098,	0.819672,0.852459,0.672131,0.950820,1.000000,0.000000,0.844262,1.000000,0.819672,0.877049,0.245902,	0.024590,0.008197,0.032787,0.000000,0.000000,0.147541,0.081967,0.000000,0.024590,0.000000,0.016393,
